00 0000000000000000000000000000000000
10 0000000000000000000001010000101000
00 0000000000000000000001010000101000
10 0000000000000000000001010000101000
00 0000000000000000000001010000101000
10 0000000000000000000001010000101000
00 0000000000000000000001010000101000
10 0000000000000000000001010000101000
00 0000000000000000000001010000101000
10 0000000000000000000001010000101000
00 0000000000000000000001010000101000
10 0000000000000000000001010000101000
00 0000000000000000000001010000101000
10 0000000000000000000001010000101000
00 0000000000000000000001010000101000
10 0000000000000000000001010000101000
